5
4
1.3431950112720359 1.2552046038415132
0.6411340865887393 0.6128259980232361
0.9030659591909183 0.8178164708963438
0.597207841762596 0.5731406924608758
1.0346902688267265 0.6229671384812622
1.6859845620056126
0.39290363648046
0.7385422157321384
0.34228411597087943
0.6445780359853938
400
6.684849704511135 9.615259521831327
3.3573895482596736 0.38236809320657983
9.706386402080081 6.124371026303919
7.679406566288525 9.556946324827763
2.906350437767303 8.377453203140176
1.796829984922571 7.086478897522747
8.820446512352703 7.670098912516794
5.577276016151594 6.537185548161894
8.71350475774658 1.5243241134996788
5.1535891531647495 3.793018329936441
1.4291672526847088 4.481475553087231
9.475374985077652 9.252679392636518
1.5568950865010334 4.4607499788172085
3.9631705781995286 8.884084263073289
9.357707160759617 2.4082210253628658
6.2826771905110395 8.123513583654562
1.2238407577688426 6.308258115096988
5.867813193769164 3.9717458879453558
9.938397684377453 3.1535811791124546
4.743300398164708 2.529234191353551
8.131285883207951 4.576184842315105
9.468531222764032 0.5627007135883921
5.494248551173234 4.592505634900055
4.934224876230654 7.31257125518053
8.336667145160858 5.923029605760392
8.832216585517386 1.4077072849612315
8.354346527268952 4.402549762490945
1.125307766789968 5.9308757219834884
3.7918999010915275 1.6942669584233105
0.16866603839563732 8.397775244031163
5.355270797431895 7.03442285449687
7.064190171591129 6.5644943573336505
1.8101213672569283 2.07156965805837
8.942766867831901 8.566267623195372
8.21224535045414 6.880007344349349
2.072465287177361 6.3808940275844
2.327475569619727 0.7256641143448694
8.513843516393854 4.981560411252359
3.5251450577369905 3.1464688906645497
0.5173179819627161 8.461649448844156
6.083914701836349 2.715369833358572
2.1796310265278107 3.117045092758893
5.9129172485648995 8.315442324227538
4.144040058170665 8.189427167128562
5.575830135021711 4.488571054242821
2.0843553624217037 5.9737081963643455
7.922391483890486 7.201680405008518
7.673099081258282 5.823785160401652
5.045708207251156 8.989790280667592
2.749019929926254 8.62752256030435
2.329262452359976 2.449055715704176
8.322863869968707 1.3234087469112832
2.120703294022388 0.45791123103604225
5.324502053928778 9.672208913989156
4.017042511811082 9.194565890052392
4.371636827154407 7.528559262198518
9.019231036703466 9.80741494799587
0.3954675666189955 0.23324460977823258
5.11770442701941 7.660438282149773
1.8495368741166607 6.547540010192771
0.5760295053976461 8.236228338621643
3.9295772289452167 1.0087774627001977
8.002393836548734 8.152501209736071
9.51278499823532 5.596024269407481
6.213707850388891 2.8337548629853315
2.063371279186641 5.721337969257098
6.844651389333215 5.623363041827924
3.8507553556686345 6.961680823488922
3.883206127974651 4.327149452507218
5.994424963246172 9.518183487256886
6.965157521482995 6.983136122944645
3.7665544674948723 1.8106467138496862
0.8508880194309842 0.8100109916522436
9.413458091087891 4.244354042481292
8.600894190587349 4.6071117560613875
3.3211610596594565 7.008281582511666
8.585898071312721 8.137802510814428
3.975838807940437 9.119165988574391
0.04692013597537681 9.680607100317294
0.14260136786469424 5.418054450776229
5.1334111508308595 1.0405795103777715
5.546206250455429 3.3417669041869624
0.36086029185361523 7.13795758041207
4.271203091982266 4.503501715515606
3.519124177429014 4.858293921709547
2.01825513097708 2.84518738430676
5.178151459251029 8.834457872589244
0.46752016466099167 1.2420292259207766
3.8554291551838995 2.870763517700694
3.1760430700525055 1.4625569804440641
6.603992854828103 4.95401722622418
0.6092966090771845 5.188519548384197
6.587096697691268 8.088273615956584
5.401400960641855 1.73065289243174
8.23761640549028 9.469826442939803
9.362740112600449 1.6425878237739255
7.68253502109123 7.930067279428111
1.1126466395432821 8.346638371474134
5.42568024321544 2.870846897470564
5.074556680234947 8.929118122029262
5.071138664915712 0.15349242708647792
1.1841917603557106 1.8345615186943331
6.172645761757951 7.6906470118854635
4.956753389517496 2.2789756461642563
6.119143061668492 5.720538221701306
0.33225675704079416 4.230727595620548
9.443566476348613 1.3157739932022472
5.313889418067968 9.061062619757598
8.64284696088119 8.57567608865389
4.357424607213678 8.508496598820395
3.4429370401592543 3.9583384849509704
1.2630151414266078 7.896758298483094
4.799604649502793 8.504845673265084
2.6559194328182114 9.131133875232528
2.1944530014394994 0.40330803644890056
8.225893024659591 6.574173556275942
6.875778205550639 1.1115264904795585
9.898072260211148 8.827801779769487
7.286569540976695 7.426127032359412
2.603049892668853 2.9395944544467834
4.290970819662469 5.013919192153869
2.4799180409422226 8.547153445119669
3.5503727555579467 6.95387810196019
8.702055828799729 6.080007259123903
2.2627509932767556 0.019476807263865137
1.5942308857045806 8.081402817767895
6.231430934666257 8.42369785047517
9.31457082574745 3.0029257300947974
0.4629786727615681 1.4884357226088352
4.413173547069698 1.7547788819043042
6.855301840127375 6.1269281043123645
3.277105732890088 6.0772269539249475
8.139530812368195 0.044750469792849135
6.989910411776612 5.445164784965108
6.31515761759418 4.397558372459417
1.4672273352640208 9.010593288402395
9.435207457525278 1.563240717362584
1.2136204149951657 6.987771250278708
3.495471215898452 0.8036522551021463
9.799372739256203 1.0735948090374592
9.410525157567331 1.1284098111304075
7.112797035868485 4.591887710508246
6.927424420307332 8.659156577980728
9.33638016325013 4.117030296327719
5.144667185446937 0.40686545929974227
2.989382442590389 2.459986259844359
1.1861738069438876 2.0005075116936375
4.974205071756973 7.632903278540616
5.198981530088423 9.321987232532546
5.794180149158837 8.974496707647411
2.9300043347808282 9.084071714716723
0.18952039862944026 6.600679693143777
4.630557885219738 3.160284430769641
8.217045147845145 5.06183392663269
7.967440463089339 6.61641743614151
0.5515064794137559 3.2417119256356797
6.785151887082 2.6847907063171563
1.4752992427104406 5.966273689829583
5.9801854919873945 5.912702420242749
7.295273274139823 8.382829761631074
9.01201585431881 7.461975954449266
3.940383285244881 5.884862906133636
6.61153870124482 2.5688278010376955
2.360466547917226 1.0819560640220383
6.334327331883674 4.2241141827595605
9.914254719905188 1.944336579338578
8.781801979293885 7.079389008104124
0.8765883904996119 0.049728278361079736
1.7730834794944739 7.326841955383121
5.591989863798798 0.35688635935131274
1.5097702157831616 5.386014310040226
6.195910587645987 4.292987017812288
0.29830194825109624 9.672857648173654
9.608568130866889 1.2155577700094222
1.7357442673481893 9.921735048173266
0.7318415908757059 3.761944613916317
4.390101907365604 7.424663972861998
9.799201715818278 0.8563887512870583
7.066873257426131 8.858435358660913
4.516529607806298 4.119306301718197
5.762007641281165 8.202340721228046
7.978359370703702 8.547724190223633
1.7791584896943313 0.22466796863510274
2.3471651567194085 6.394897824791329
0.96126833864429 1.7712751531426485
6.188944508660161 4.244798406006096
9.319536992865796 9.583050678971894
1.917286806231706 0.551180000536281
2.6150057340815493 7.698677873629437
2.258148373842188 9.11199638000445
3.8475285191451434 7.254013293606566
1.5574929974514595 0.6031560990403129
0.9803246453905246 4.864297234834964
8.619508385719465 8.7632859546993
2.7776345756940177 4.858187432923028
2.152683404189454 6.000698799079261
3.59047130767331 1.433232095893212
9.839805283984646 2.1818431189166065
8.238335681937363 4.021526143107019
2.594076526753163 3.859096539883715
0.08890461901218116 2.915109799314959
6.323296628617627 7.438421611160225
4.204805446516691 3.8345317941419066
3.6857319778366735 2.7646640649002796
5.906521422826296 2.8948129481180294
1.0037245810460593 1.1394691287476155
4.953056150546527 5.5438983752398965
1.1540383198903414 1.3137065229945766
0.8597192936147924 7.7750037447628575
3.5863417434853826 8.206509760755239
8.358274950227857 0.26875625156075444
7.304371006747261 5.5772571871716465
2.5801698480531177 7.988018870705007
8.002938151845909 8.872130476081342
7.805728749915005 4.5373257158272935
4.2912663757056855 9.87869816025845
3.650496894007401 7.443511296099679
2.534274478202394 4.937234592868293
4.467533568841194 6.186322869152154
5.772108285846004 1.0938482916878445
8.946845126057992 0.9427581889996184
3.973880046832593 7.648034311474562
8.567842469408905 1.5716475753390735
3.841449966364139 9.764452257465097
6.404715469108728 1.7674333255389563
8.557609067427483 9.175777046532062
7.727948341755333 7.010622776828295
1.9394390749941814 6.776902391457313
2.481913909721085 6.5252934841955845
7.520413575728377 6.890260437404255
4.68230934242732 7.145029822828696
5.07190321877547 5.0663009651458255
3.067679677141993 0.5409899938755569
4.744048405078617 2.38269586492758
8.381660266353684 3.971187313688931
6.502117034140783 4.924244219462183
7.331652341379021 9.173209263832021
0.5052958568106247 4.9656292277349126
7.772973981569345 0.5686422262034896
5.0352790257082845 5.781095518071084
5.0223626498921 2.101254470877949
3.263450324769651 5.713683632035657
3.5909226896614097 8.067153802939716
0.46834581824130805 7.167871223804806
5.3423574466349075 8.87142001667939
9.922344456218244 6.002144464887645
4.199350495580059 6.266680278371869
4.343983637611924 9.157987463735685
7.69823447243481 0.20249174171974138
8.353688143877978 4.500830820677539
3.7165751437571846 2.9176616035388694
5.365429167527575 4.887800823422771
0.12384571941512545 6.726106801495467
5.630420633454202 3.536344759186937
8.314501398422747 2.706877868514843
3.6356927028154407 1.2676162860389928
2.48624449944883 1.750643182844216
2.484450578339157 0.6586897812107928
5.979713926961735 4.669069560540908
5.045951268873704 3.5205828699100428
4.053690863512577 6.157436628382341
0.27795285686461835 9.120803566433475
6.751294671568107 3.1829753564856267
6.37689339925935 2.9116940008855474
1.2633766196737728 0.512460234737907
7.236281966772962 2.2839129057842
2.732105794384344 5.839011400175822
9.040568220111004 9.415662421020507
8.605561203665932 6.510955399653567
8.339609478460776 4.826731227946319
4.205487753627138 7.642654537964628
8.576625743084431 7.510075423630304
8.688750999766159 6.904018390253927
8.703751051364854 3.212560186598404
2.571381100465916 0.973829861272032
6.947719632092241 4.742128809244467
1.3273459702073387 6.54444375517388
1.475498835874205 9.088299798437387
0.12530282345208477 4.128099465548203
8.919780317973249 7.6988400940346295
0.030672426986282364 5.642953991169065
0.8150498836917197 5.921874014392672
7.089362322278854 3.969859356754485
4.829664444625753 7.219638713598103
0.9064255944628707 9.896560500326881
3.19402146278438 8.343527559239565
6.307272620650076 3.5439259245114973
5.08110098402857 0.7702414295237325
3.065551644232045 2.3747071443437298
5.424433875401044 6.655082542604572
6.065980710594969 6.126600444204789
8.571082924961352 4.290500460967226
2.9820786093613085 7.326255204910222
9.124371384369951 6.331892701071267
9.253201904924982 6.413194624211929
0.8134225970652487 9.11732051577625
9.050464391499926 9.496593397137222
5.829732407737277 1.3385609980444013
1.511717552861297 4.704954880099754
8.831808267791404 9.34310366803664
9.116812478434296 4.148349447364941
0.7756127079155262 0.07117992873449275
1.4857583577144884 8.176010900323567
0.10884700466705755 4.026795175238257
2.4916181916468725 4.404538802601427
7.332777960365799 2.9799704162460348
2.779164391810236 3.4778724662670637
9.521593565308818 8.8085723833196
5.3034894957696155 9.559673905452177
6.30165492475217 4.151697047819215
4.72330735797706 2.569467021241282
4.465291357579661 0.9780104871066675
1.0181642453339101 1.0187707081077713
8.36098585598341 7.888179402582355
4.282990977403735 3.4178675625850143
0.8373170278672082 9.613671190133536
6.7564000048976345 4.062369681537469
0.6539651412586822 2.8409880161696623
6.141890495479303 5.535098723480902
3.641522085040557 9.661998496006367
4.587216050518725 0.8046922014042845
2.36618863753026 4.847855899500477
8.369938098408957 1.582779664886702
2.101458837948893 8.447899547262818
3.522305537552527 1.6687559682444886
7.33209000115746 8.603059430203796
7.446790852119706 3.122567276861644
9.449037676289802 3.548453526844791
8.49932742757712 0.10881650547645672
0.6056494699948667 1.6797791487860547
3.7668811438502026 7.991302238360056
7.560704473629029 7.737522690764273
3.0047448037339697 2.307320076119357
5.501770369167675 5.060390340092886
3.377612331158134 7.346196615963018
9.735201045697272 6.339284874185422
9.71500264828596 6.265593667188989
2.122888487427409 4.57659937197902
1.2410766949684515 8.76784976894834
3.733628033938443 5.773969302334862
7.22324898363069 3.0219634982253063
1.7719818672937426 5.476020266644043
8.28311697015547 5.8289139649673665
2.82225037767295 8.018208282559584
1.140264777929374 9.92067736059383
9.58388658242027 6.377868442583386
7.454147075292854 5.291318654537511
3.913335240694522 9.507898518469798
3.777728924193057 8.77509070628893
9.961326185252313 1.5479838163082416
9.362472127636806 8.1356430466368
8.791986426571764 5.012678891708572
5.438528259151608 3.9816982645165044
5.493616847262112 6.493704712087142
0.6490457133691874 8.263774600760822
3.3381046798024814 6.883999589464096
5.463964468593767 9.385062966715232
6.880901491683971 1.4642048176628997
8.99369405761905 6.952829296312345
4.457244306983629 9.12682893686241
9.301912351671847 4.641984379917519
6.3634150084587695 2.679160175148075
8.702094190567383 6.171957080446941
0.11810974068092395 9.280216412540845
3.229888983136698 4.393680384564028
7.340010632706195 6.2893329842138535
0.11826624181751622 5.0285156843979
4.863922743367502 7.9755450590775165
1.5272514178050345 6.575821688637844
4.5796320503268255 2.8276383985007025
7.77828116054183 9.935043416806922
5.230663385786066 6.326417722429482
6.107178974177487 1.052435189967893
7.791529278786152 8.334349664840921
9.813613848067323 5.522415742987711
7.183910933480949 9.895311458771891
0.08343198216349657 2.176426195219846
8.994355921939938 3.5511644780874163
6.396827614228025 1.7165832361455957
2.4839879564858136 2.509190039115609
9.042853599492863 9.95969090338861
6.731466165709145 2.8118964429773197
6.081970273129374 4.444833340320725
6.129316045921861 3.074082067561712
7.427887934913309 3.5746432135426343
2.624660521956682 5.163298463521368
9.051044297817914 5.773741584175878
4.597815854886383 9.620727182678424
8.12787256467116 0.8133549841978138
8.781995358159953 2.102330803263671
6.411371578294769 4.084856268834801
8.030323426943443 9.959734817531213
0.021378831014720046 8.908484106947077
7.070444770418919 6.875798446320964
9.920832569091957 6.574996696750172
3.5945346589341165 6.2759578543696275
7.631474392538763 5.627085532831421
0.8120666195984627 2.3725494402537217
8.307058370800812 0.49356360417388445
4.215710888396311 7.683816865828829
1
1
1
1
1
1
1
1
1
1
1
1
1
1
1
1
1
1
1
1
1
1
1
1
1
1
1
1
1
1
1
1
1
1
1
1
1
1
1
1
1
1
1
1
1
1
1
1
1
1
1
1
1
1
1
1
1
1
1
1
1
1
1
1
1
1
1
1
1
1
1
1
1
1
1
1
1
1
1
1
1
1
1
1
1
1
1
1
1
1
1
1
1
1
1
1
1
1
1
1
1
1
1
1
1
1
1
1
1
1
1
1
1
1
1
1
1
1
1
1
1
1
1
1
1
1
1
1
1
1
1
1
1
1
1
1
1
1
1
1
1
1
1
1
1
1
1
1
1
1
1
1
1
1
1
1
1
1
1
1
1
1
1
1
1
1
1
1
1
1
1
1
1
1
1
1
1
1
1
1
1
1
1
1
1
1
1
1
1
1
1
1
1
1
1
1
1
1
1
1
1
1
1
1
1
1
1
1
1
1
1
1
1
1
1
1
1
1
1
1
1
1
1
1
1
1
1
1
1
1
1
1
1
1
1
1
1
1
1
1
1
1
1
1
1
1
1
1
1
1
1
1
1
1
1
1
1
1
1
1
1
1
1
1
1
1
1
1
1
1
1
1
1
1
1
1
1
1
1
1
1
1
1
1
1
1
1
1
1
1
1
1
1
1
1
1
1
1
1
1
1
1
1
1
1
1
1
1
1
1
1
1
1
1
1
1
1
1
1
1
1
1
1
1
1
1
1
1
1
1
1
1
1
1
1
1
1
1
1
1
1
1
1
1
1
1
1
1
1
1
1
1
1
1
1
1
1
1
1
1
1
1
1
1
1
1
1
1
1
1
1
1
1
1
1
1
1
1
1
1
1
1
1
1
1
1
1
1
1
1
1
1
1
1
1
1
1
1
1
1
