7
7
1.304763367601181 0.726573660037684
1.000326774573157 0.60938617129387
1.346901336746593 0.58394347611923
1.560908671467233 1.179695056215521
1.436802954723308 1.093933090997512
1.826343830439025 1.687110140105121
1.753161258894193 1.180387648375922
9.480066954810841
6.095853031998822
7.865142485694431
18.41396242933832
15.717662974148269
30.812431956521067
20.694098956098873
60
-2.8422742968355537 -5.244007077611273
-3.296478626882945 -3.5271005028750686
-4.678496707361057 -1.1193428931003524
-4.007020144750885 -3.007701177624644
-3.428714959194112 -3.8367887034654204
-4.34065263531571 -2.8306261275015805
-3.508163834238738 -3.3226495822375917
-5.343164553190455 -3.7341387726405033
-2.712414068869374 -3.1752071182805435
-3.261544316172168 -3.554963371533949
-4.8693031903062876 -4.919741622044117
-3.8364665389967154 -3.6735592268712507
-3.5615188475659285 -4.035656300193722
-2.2834646727240884 -4.0478773435337825
-1.84337283123934 -3.3127997681588863
-6.259914493685949 -3.961751742347478
-2.6355874690370293 -2.7964931345296216
-4.727338227620459 -1.618890215458775
-4.597868613129988 -2.5219954924318477
-3.8061101782408073 -2.4800158265684216
-2.6991678003952044 -2.4601678225184758
-3.7232598968609807 -2.1281683679687484
-3.452926660060699 -3.618964175064808
-4.66359382679064 -3.1608189814631644
-3.9586141294109214 -4.855855844226926
-5.047240145345162 -2.8868841509590375
-5.379521586537185 -3.601831228037719
-2.4070055468598097 -4.164570518962203
-3.2679106774229862 -5.80348188149569
-3.572997254068754 -3.1769636260055494
-3.4721839905768235 3.4100892816638986
-3.44975304788119 3.938241057273717
-1.631348279844272 3.9669102374190004
-4.45665715255338 3.5869281490599345
-1.9209072350330687 3.7671716865639073
-4.421601316562898 0.8260989949013489
-5.127729571848772 4.111067452269212
-3.56200009241424 4.166165004340091
-2.2370202858615587 5.317618915201742
-3.8961352389635744 4.265386831479954
-3.2672190012819744 4.081807600536764
-3.473377445078436 4.586731586007515
-3.390832470434863 5.740079748575679
-3.0433148674802792 3.544503623230129
-2.9179539406368082 2.8609851020053783
-3.4330974081696204 3.767187143794403
-5.301388034379647 3.990017846509716
-3.89375143462364 1.6873444076740813
-3.1478975612816873 4.282762416276578
-5.168791956059737 4.113554218325843
-3.4148711418264526 3.230624936115837
-1.2987784044968 2.882880504063297
-3.3649413611642918 2.4981357457687166
-1.7330988617245073 2.7107320110953164
-1.97026550391617 5.294348457592387
-3.9227039572510103 3.4129829779972813
-4.237334418688684 4.559756829377347
-1.930859137602129 4.370853176237818
-3.376239161961968 2.4586667785575456
-2.3380167438384536 3.9433116833601396
3.4741637873613773
0.04215538657153307
7.056382749892653
0.4994275576953707
0.11850818782461603
1.1547582344467782
0.03151981886997835
3.452076534991371
0.725782014930524
0.05988208536017798
3.8906575003474373
0.14333253709657448
0.2907122405430665
1.7801277860679439
2.7794575030773268
7.830342684018701
1.2421309334497659
5.044933146475263
2.1618083085195865
1.134071155273519
1.7225831692498232
1.931767008187903
0.016368374281891276
1.4689943570809711
2.048671990019647
2.7698631117129384
3.5429709932629256
1.6362908492689159
5.359894232033183
0.10968109802506079
0.00885766765194401
0.1945799804776153
3.7098644210476284
0.9227494106305263
2.5649146704723105
7.999095571758043
3.0229069902937726
0.44761982446680815
4.898856279224377
0.7427401293516512
0.392687077406508
1.1816943004569604
5.029874829490234
0.2105418827451642
0.7471176550792971
0.0758649266026333
3.4851163403041876
3.4407604886586016
0.7366931276865294
3.161315371435119
0.07980984753652885
5.226212984774824
1.0219728198305602
3.7448835907488753
5.559774015773028
0.18625059759388554
1.6667465823949081
3.220588300610231
1.0996916231115959
1.5467303362033906
