6
6
1.1117862907608287 1.108322206793487
1.1038816672061018 0.5325502690729397
0.7826162667154171 0.6835716150173323
1.7870486003061652 1.646770034684184
1.5586165531301952 1.1991355613062118
1.3865606753674968 1.057824204871943
12.322174352587872
5.878724788952948
5.349742653774929
29.428580855085062
18.689925352989295
14.667374439273267
80
-2.611812594455391 -3.1307048231323558
-2.799228674565203 -3.092459693690197
-2.9196413241178094 -5.777965666902011
-3.726790766392566 -3.8264140608580917
-3.147016290447888 -3.2245183719856967
-4.409166800073808 -4.239225636893069
-5.44649797471096 -4.898873542631776
-5.1308560434045365 -2.9236756043676144
-4.218513266209191 -3.212907060976349
-5.142920344208508 -3.7440590616157263
-2.4868081123723824 -5.681433297305356
-2.626219877436245 -2.946429067744023
-3.467394487197309 -3.6070654459558558
-3.2022736458766516 -2.6302620004858017
-4.147987175116628 -3.967319132231175
-2.2327532589347374 -5.728326836103406
-2.356726768334804 -2.3089447356054995
-2.7481810672882516 -2.57663044328602
-4.738672255795689 -4.589103085167891
-3.2655001076101304 -3.1336373193376064
-3.4236853316464457 -2.5253464581518155
-3.1404081889482063 -2.009525787471322
-3.2614675531209283 -3.867112544187437
-2.8030233317825477 -2.5257431988935757
-2.373187944115924 -3.984630619110186
-3.035633700934001 -3.070544548496551
-3.6879403239158557 -4.131557642657736
-3.322006185971967 -3.620532832439128
-3.805775350964649 -3.8153713194941847
-4.294211830058893 -4.681752174406805
-4.042010683185635 -1.8587825013879704
-4.733162277840666 -4.572293962888392
-3.3368433074576505 -3.6473855689675325
-2.44952016510719 -4.884963370974054
-1.4509465369220007 -2.962803391498128
-2.191884285758744 -3.429791342847169
-4.0852832079425525 -3.9591051432097992
-4.114082975476657 -2.216617492940958
-3.790152118563022 -5.68234104777631
-2.341145214186012 -2.4171481508318733
2.585791146310374 -3.7607438581853367
4.388775184843287 -4.048608132880491
3.4954233894472537 -2.4723221441848446
3.4766919656922064 -2.879203028086211
5.20292847285099 -5.133928716887684
5.2201170944465884 -4.094163940634721
2.620069122150935 -2.384334432440364
2.9256884243714576 -4.05777316258114
2.309850585031697 -2.8178381249622078
3.860681562111445 -3.2543406229061866
4.969287775846747 -3.1196238357422503
2.000738038201369 -2.357077380317787
3.2824961884643615 -4.117687212099755
4.705591922013301 -3.642921557490229
2.292823414401751 -4.645039084632084
5.205518683557904 -4.225113904508187
2.144355864997019 -2.5283876814124855
4.672623883690543 -3.1062444983058715
4.629593304802637 -5.568106455208966
3.9338023503102524 -3.109416237088114
5.9386943754974215 -2.7719084558678673
3.904144106497493 -3.1547952293952415
4.963773549008938 -4.494113974987146
3.4447233117301925 -3.267832783485389
1.9291728496583092 -5.05289733559459
4.201402403334165 -2.41859684460819
3.4222852655413627 -3.44470469692949
3.3448679230052774 -3.72529990421501
3.0121485302983344 -4.452080110746612
4.207085458104204 -2.9167775160537395
3.7111199228460525 -4.384490833747314
4.108129259696066 -3.9460507750876026
2.9532747437031173 -2.220195951744827
2.788516530520009 -3.5167988695657764
3.2323653837065462 -4.5961140222751835
2.137698584494522 -2.8999552917628812
3.2973512260903406 -2.376773035888922
2.979989569425328 -3.4525245656352705
4.3038547808615375 -3.665627144748674
3.942943882610991 -4.163032498206522
0.9252557950257682
0.65716955181873
5.525943772256054
0.15798019084679746
0.2004876265825806
1.3730388125964113
5.7457015538290435
2.991841243310134
0.598683669355838
2.7587520829709513
5.7852090317469305
1.0699324796262824
0.012526129182852732
0.8450851697385411
0.6382745504649265
6.571354791239145
2.725686325084035
1.4178430458500042
2.7204544874001995
0.1892118133129954
0.9557734552431237
2.350819648788492
0.19166934831389007
1.4349527905416233
1.5045722462648206
0.40006804453428435
0.43418662135299313
0.04620996152804488
0.19295763441705743
2.0273106327207078
2.9873704584376854
2.670503546336073
0.04834261226124206
3.021631422456241
4.487200290737855
1.7160959773841147
0.5533339660212154
2.024168560195416
4.846800700716013
2.515512541850815
0.903765187745875
1.090892212655838
1.056142720696987
0.3859321448006229
5.5696884355168415
3.311833606957954
2.018988008430391
0.6409446867967055
1.8818004537044706
0.19043971880127253
2.30349259458812
3.554058544677533
0.42884540002409793
1.473878454019159
2.768389814151728
3.4345841544761946
2.7818015183989866
1.5300901677158862
5.553045344331938
0.34074015498510735
6.477347553719472
0.28249879246494103
3.1308955980429642
0.056957128690219794
4.878988071147374
1.6613981158943059
0.009097150493636073
0.0748260081519893
1.1444555937693568
0.8401183108428776
0.8268956568055423
0.5687824904547367
1.9368069078032217
0.5064909293619736
1.2730942376668257
2.215918798571598
1.302705338473277
0.27266476477457546
0.6736148597915487
0.6358113768204805
